$ 0 0.000005 10.20027730826997 50 5 50 5e-11
a 144 224 256 224 8 15 -15 1000000 -0.000021892568125277 0 100000
R 64 176 64 240 0 1 100 0.5 0 0 0.5
w 64 128 112 128 0
w 144 128 112 128 0
r 144 240 144 288 0 1000
g 144 288 144 336 0 0
w 256 224 256 128 0
w 256 224 336 224 0
p 336 224 416 224 3 0 0 10000000
r 416 224 416 288 0 1000000
g 416 288 416 336 0 0
w 144 128 192 128 0
r 192 128 256 128 0 2500
r 64 128 64 176 0 1000
R 112 224 112 288 0 1 50 0.5 0 0 0.5
r 112 128 112 224 0 1000
w 144 208 144 128 0
R 560 112 560 176 0 1 150 1.5 0 0 0.5
a 464 64 368 64 8 15 -15 1000000 2.1892346271439234 2.1892568125277 100000
w 560 48 464 48 0
r 464 144 464 176 0 1000
g 464 176 464 208 0 0
w 464 128 464 80 0
w 368 64 320 64 0
r 320 64 288 64 0 1
w 368 64 368 0 0
w 464 0 464 48 0
r 368 0 400 0 0 0.01
w 400 0 464 0 0
w 272 112 272 128 0
w 272 128 256 128 0
w 464 144 464 128 0
g 288 64 208 64 0 0
r 560 48 560 112 0 1
w 464 128 320 128 0
s 320 128 320 224 0 0 false
s 320 224 336 224 0 0 false
o 7 64 0 4098 5 0.1 0 3 17 0 23 0
o 23 64 0 4098 5 0.1 1 1
